{
  "advancedEditorSelectedIdentifier" : "ProjectBrowser",
  "openSceneRelativePaths" : [
    "Bee\/Bee Scene.usda",
    "Scenes\/Bee Scene.usda"
  ],
  "recentIdentifiers" : {
    "855117EB-0D8F-411E-B7E3-EEA6A7AF35CD" : [

    ],
    "AAB0E9C4-770F-46B0-8DE3-90BA04648C77" : [

    ]
  },
  "sceneCameraHistory" : {
    "855117EB-0D8F-411E-B7E3-EEA6A7AF35CD" : [
      {
        "date" : 751886089.502941,
        "title" : "Untitled",
        "transform" : [
          0.99997973,
          -1.362069e-10,
          0.0063660988,
          0,
          0.0025104946,
          0.9189588,
          -0.3943457,
          0,
          -0.0058501824,
          0.3943537,
          0.9189401,
          0,
          -0.010545487,
          1.3110778,
          2.0258346,
          1
        ]
      },
      {
        "date" : 751885734.832034,
        "title" : "Untitled",
        "transform" : [
          0.9999798,
          -2.3165658e-10,
          0.0063660988,
          0,
          0.002510494,
          0.91895884,
          -0.39434567,
          0,
          -0.005850182,
          0.39435354,
          0.9189401,
          0,
          -0.024744667,
          1.6680093,
          3.8868628,
          1
        ]
      }
    ],
    "AAB0E9C4-770F-46B0-8DE3-90BA04648C77" : [
      {
        "date" : 756029061.894955,
        "title" : "Untitled",
        "transform" : [
          0.93791085,
          -1.27696556e-08,
          -0.34687644,
          0,
          -0.09828723,
          0.9590167,
          -0.2657566,
          0,
          0.33266026,
          0.28334954,
          0.8994722,
          0,
          1.1480542,
          2.1680427,
          4.183076,
          1
        ]
      },
      {
        "date" : 756029032.294032,
        "title" : "Untitled",
        "transform" : [
          0.9999652,
          4.7523463e-10,
          -0.008345473,
          0,
          -0.003977402,
          0.87912357,
          -0.4765774,
          0,
          0.0073367013,
          0.47659397,
          0.879093,
          0,
          0.04186901,
          2.7143369,
          3.1079895,
          1
        ]
      },
      {
        "date" : 756029017.062083,
        "title" : "Untitled",
        "transform" : [
          0.9999652,
          4.7523463e-10,
          -0.008345473,
          0,
          -0.003977402,
          0.87912357,
          -0.4765774,
          0,
          0.0073367013,
          0.47659397,
          0.879093,
          0,
          0.011715019,
          0.75947624,
          1.408561,
          1
        ]
      },
      {
        "date" : 756029002.730495,
        "title" : "Untitled",
        "transform" : [
          0.9999652,
          4.7523463e-10,
          -0.008345473,
          0,
          -0.003977402,
          0.87912357,
          -0.4765774,
          0,
          0.0073367013,
          0.47659397,
          0.879093,
          0,
          0.00017693639,
          0.009959102,
          0.026053071,
          1
        ]
      },
      {
        "date" : 756028890.69459,
        "title" : "Untitled",
        "transform" : [
          0.99996513,
          4.4737633e-10,
          -0.008345473,
          0,
          -0.0039774026,
          0.8791235,
          -0.47657737,
          0,
          0.0073367013,
          0.47659397,
          0.8790929,
          0,
          -0.33113062,
          1.4118278,
          1.7440026,
          1
        ]
      }
    ]
  },
  "sceneViewportBackgroundColors" : {

  },
  "selectedSceneRelativePath" : "Scenes\/Bee Scene.usda"
}