{
  "advancedEditorSelectedIdentifier" : "ProjectBrowser",
  "openSceneRelativePaths" : [
    "Scenes\/Bee Scene.usda",
    "Models\/Water Bottles\/Untitled Scene.usda"
  ],
  "recentIdentifiers" : {
    "046D9718-DC7A-4E0E-AB9B-CAC26538CA1D" : [

    ],
    "723C769A-5513-418D-AD95-41A92CE8B749" : [

    ],
    "771A3A30-AA78-4615-B686-B7BAE19E7A71" : [

    ],
    "855117EB-0D8F-411E-B7E3-EEA6A7AF35CD" : [

    ],
    "A7828AD8-A23C-46DE-8CD2-9E29DBD03C67" : [

    ],
    "AAB0E9C4-770F-46B0-8DE3-90BA04648C77" : [

    ],
    "F5DD40D3-F5C1-4B32-8D81-ED09747AC285" : [

    ]
  },
  "sceneCameraHistory" : {
    "046D9718-DC7A-4E0E-AB9B-CAC26538CA1D" : [
      {
        "date" : 764776140.901907,
        "title" : "Untitled",
        "transform" : [
          0.8017087,
          2.0806226e-08,
          -0.59771484,
          0,
          -0.4322953,
          0.6905897,
          -0.5798332,
          0,
          0.41277578,
          0.72324675,
          0.55365187,
          0,
          3.7573538,
          12.871379,
          5.0500813,
          1
        ]
      },
      {
        "date" : 764776088.588672,
        "title" : "Untitled",
        "transform" : [
          0.96143526,
          9.331936e-09,
          -0.2750311,
          0,
          -0.09259831,
          0.941618,
          -0.32369894,
          0,
          0.25897428,
          0.33668306,
          0.90530485,
          0,
          3.1290772,
          8.680968,
          10.96098,
          1
        ]
      },
      {
        "date" : 764776085.332113,
        "title" : "Untitled",
        "transform" : [
          0.96143526,
          2.8456348e-11,
          -0.27503112,
          0,
          -0.09259832,
          0.94161797,
          -0.32369897,
          0,
          0.25897428,
          0.33668306,
          0.90530485,
          0,
          3.208344,
          8.455956,
          4.6065764,
          1
        ]
      }
    ],
    "59C383E0-AE18-4397-A4E0-891E98BC35DA" : [
      {
        "date" : 764776112.56265,
        "title" : "Untitled",
        "transform" : [
          0.90753525,
          -9.823662e-09,
          -0.419976,
          0,
          -0.12810265,
          0.9523448,
          -0.27681983,
          0,
          0.39996192,
          0.30502376,
          0.8642864,
          0,
          7.2448735,
          12.269353,
          9.793964,
          1
        ]
      }
    ],
    "723C769A-5513-418D-AD95-41A92CE8B749" : [
      {
        "date" : 764762772.468212,
        "title" : "Untitled",
        "transform" : [
          -0.19245802,
          -6.4305823e-09,
          0.98130524,
          0,
          0.08007005,
          0.9966655,
          0.015703745,
          0,
          -0.97803307,
          0.08159551,
          -0.19181624,
          0,
          -17.031765,
          15.082483,
          0.16142249,
          1
        ]
      },
      {
        "date" : 764762753.547465,
        "title" : "Untitled",
        "transform" : [
          -0.19245805,
          -6.430583e-09,
          0.98130536,
          0,
          0.08007005,
          0.9966655,
          0.015703745,
          0,
          -0.97803307,
          0.08159551,
          -0.19181624,
          0,
          -17.427498,
          18.451284,
          3.6122448,
          1
        ]
      },
      {
        "date" : 764762737.191416,
        "title" : "Untitled",
        "transform" : [
          -0.4596246,
          8.253783e-09,
          0.88811326,
          0,
          0.46044555,
          0.8551057,
          0.23829405,
          0,
          -0.75943077,
          0.51845366,
          -0.39302757,
          0,
          -12.657429,
          15.9385395,
          -7.5252113,
          1
        ]
      },
      {
        "date" : 764762732.886255,
        "title" : "Untitled",
        "transform" : [
          -0.4596246,
          8.253783e-09,
          0.88811326,
          0,
          0.46044555,
          0.8551057,
          0.23829405,
          0,
          -0.75943077,
          0.51845366,
          -0.39302757,
          0,
          -36.747242,
          42.00986,
          -15.838509,
          1
        ]
      },
      {
        "date" : 764762729.834656,
        "title" : "Untitled",
        "transform" : [
          -0.4596246,
          8.253783e-09,
          0.88811326,
          0,
          0.46044555,
          0.8551057,
          0.23829405,
          0,
          -0.75943077,
          0.51845366,
          -0.39302757,
          0,
          -42.05802,
          34.574047,
          -15.385493,
          1
        ]
      },
      {
        "date" : 764762726.878278,
        "title" : "Untitled",
        "transform" : [
          0.34632117,
          9.2001e-09,
          0.93811595,
          0,
          0.2890045,
          0.9513639,
          -0.10669083,
          0,
          -0.89248973,
          0.3080691,
          0.32947752,
          0,
          -34.703957,
          25.055107,
          18.134333,
          1
        ]
      },
      {
        "date" : 764762725.074477,
        "title" : "Untitled",
        "transform" : [
          0.34632117,
          9.2001e-09,
          0.93811595,
          0,
          0.2890045,
          0.9513639,
          -0.10669083,
          0,
          -0.89248973,
          0.3080691,
          0.32947752,
          0,
          -34.86346,
          25.110165,
          18.193213,
          1
        ]
      },
      {
        "date" : 764762716.09136,
        "title" : "Untitled",
        "transform" : [
          0.06559824,
          -5.0805653e-09,
          0.9978461,
          0,
          0.7642242,
          0.642991,
          -0.050239954,
          0,
          -0.641606,
          0.7658738,
          0.0421791,
          0,
          -27.737896,
          44.98404,
          -5.644731,
          1
        ]
      },
      {
        "date" : 764762292.623026,
        "title" : "Untitled",
        "transform" : [
          0.13664342,
          -6.0998295e-09,
          0.9906203,
          0,
          0.35258856,
          0.93451375,
          -0.04863507,
          0,
          -0.9257483,
          0.35592708,
          0.12769517,
          0,
          -41.798553,
          26.478273,
          -1.6588731,
          1
        ]
      },
      {
        "date" : 764762182.40533,
        "title" : "Untitled",
        "transform" : [
          0.13664342,
          -6.0998295e-09,
          0.9906203,
          0,
          0.3525886,
          0.93451387,
          -0.048635077,
          0,
          -0.9257483,
          0.35592708,
          0.12769517,
          0,
          -44.71681,
          24.397572,
          0.61476403,
          1
        ]
      }
    ],
    "771A3A30-AA78-4615-B686-B7BAE19E7A71" : [
      {
        "date" : 764760529.096404,
        "title" : "Untitled",
        "transform" : [
          0.09596122,
          -5.233485e-10,
          0.99538505,
          0,
          0.42487445,
          0.90432507,
          -0.0409605,
          0,
          -0.90015167,
          0.42684427,
          0.08678014,
          0,
          -30.412027,
          18.23375,
          3.292187,
          1
        ]
      },
      {
        "date" : 764760522.286117,
        "title" : "Untitled",
        "transform" : [
          0.09596122,
          -5.233485e-10,
          0.99538505,
          0,
          0.42487445,
          0.90432507,
          -0.0409605,
          0,
          -0.90015167,
          0.42684427,
          0.08678014,
          0,
          -30.396435,
          18.226355,
          3.2906842,
          1
        ]
      },
      {
        "date" : 764760515.234412,
        "title" : "Untitled",
        "transform" : [
          0.9997174,
          0,
          0.023770953,
          0,
          0.0168086,
          0.7071068,
          -0.7069069,
          0,
          -0.016808603,
          0.7071067,
          0.70690703,
          0,
          -0.17925167,
          27.478083,
          22.625092,
          1
        ]
      },
      {
        "date" : 764760510.910391,
        "title" : "Untitled",
        "transform" : [
          0.9997174,
          0,
          0.023770953,
          0,
          0.0168086,
          0.7071068,
          -0.7069069,
          0,
          -0.016808603,
          0.7071067,
          0.70690703,
          0,
          -12.394315,
          27.389013,
          22.423733,
          1
        ]
      },
      {
        "date" : 764760489.2563,
        "title" : "Untitled",
        "transform" : [
          0.9997174,
          0,
          0.023770953,
          0,
          0.0168086,
          0.7071068,
          -0.7069069,
          0,
          -0.016808603,
          0.7071067,
          0.70690703,
          0,
          -10.392163,
          25.292702,
          24.568249,
          1
        ]
      }
    ],
    "855117EB-0D8F-411E-B7E3-EEA6A7AF35CD" : [
      {
        "date" : 751886089.502941,
        "title" : "Untitled",
        "transform" : [
          0.99997973,
          -1.362069e-10,
          0.0063660988,
          0,
          0.0025104946,
          0.9189588,
          -0.3943457,
          0,
          -0.0058501824,
          0.3943537,
          0.9189401,
          0,
          -0.010545487,
          1.3110778,
          2.0258346,
          1
        ]
      },
      {
        "date" : 751885734.832034,
        "title" : "Untitled",
        "transform" : [
          0.9999798,
          -2.3165658e-10,
          0.0063660988,
          0,
          0.002510494,
          0.91895884,
          -0.39434567,
          0,
          -0.005850182,
          0.39435354,
          0.9189401,
          0,
          -0.024744667,
          1.6680093,
          3.8868628,
          1
        ]
      }
    ],
    "A7828AD8-A23C-46DE-8CD2-9E29DBD03C67" : [
      {
        "date" : 764762764.20961,
        "title" : "Untitled",
        "transform" : [
          0.3667688,
          -1.2050978e-07,
          0.93031216,
          0,
          0.71717834,
          0.6369553,
          -0.28274226,
          0,
          -0.5925672,
          0.7709007,
          0.23361541,
          0,
          -42.559647,
          34.816936,
          -6.251334,
          1
        ]
      },
      {
        "date" : 764762762.324164,
        "title" : "Untitled",
        "transform" : [
          0.3667688,
          -1.2050978e-07,
          0.93031216,
          0,
          0.71717834,
          0.6369553,
          -0.28274226,
          0,
          -0.5925672,
          0.7709007,
          0.23361541,
          0,
          -33.350098,
          41.122475,
          -3.6987123,
          1
        ]
      },
      {
        "date" : 764762759.504616,
        "title" : "Untitled",
        "transform" : [
          0.3667688,
          -1.2050978e-07,
          0.93031216,
          0,
          0.71717834,
          0.6369553,
          -0.28274226,
          0,
          -0.5925672,
          0.7709007,
          0.23361541,
          0,
          -9.75555,
          10.427403,
          -13.000511,
          1
        ]
      },
      {
        "date" : 764762693.751748,
        "title" : "Untitled",
        "transform" : [
          0.3667688,
          -1.2050978e-07,
          0.93031216,
          0,
          0.71717834,
          0.6369553,
          -0.28274226,
          0,
          -0.5925672,
          0.7709007,
          0.23361541,
          0,
          -6.5716496,
          12.515758,
          -11.815825,
          1
        ]
      },
      {
        "date" : 764762665.617779,
        "title" : "Untitled",
        "transform" : [
          0.3667688,
          -1.2050978e-07,
          0.93031216,
          0,
          0.71717834,
          0.6369553,
          -0.28274226,
          0,
          -0.5925672,
          0.7709007,
          0.23361541,
          0,
          -6.5716496,
          12.5157585,
          -11.815826,
          1
        ]
      },
      {
        "date" : 764762657.824653,
        "title" : "Untitled",
        "transform" : [
          0.36676875,
          -1.05541694e-07,
          0.93031216,
          0,
          0.71717834,
          0.6369552,
          -0.28274223,
          0,
          -0.592567,
          0.7709009,
          0.2336154,
          0,
          -12.197541,
          15.057478,
          -6.74905,
          1
        ]
      },
      {
        "date" : 764762640.911703,
        "title" : "Untitled",
        "transform" : [
          0.36676875,
          -1.05541694e-07,
          0.93031216,
          0,
          0.71717834,
          0.6369552,
          -0.28274223,
          0,
          -0.592567,
          0.7709009,
          0.2336154,
          0,
          -14.370135,
          13.323935,
          -6.5393634,
          1
        ]
      },
      {
        "date" : 764762629.735153,
        "title" : "Untitled",
        "transform" : [
          0.36676875,
          -1.05541694e-07,
          0.93031216,
          0,
          0.71717834,
          0.6369552,
          -0.28274223,
          0,
          -0.592567,
          0.7709009,
          0.2336154,
          0,
          -14.21712,
          14.926632,
          -11.4399395,
          1
        ]
      },
      {
        "date" : 764762625.726226,
        "title" : "Untitled",
        "transform" : [
          0.44580686,
          -1.0575389e-07,
          0.8951292,
          0,
          0.6841605,
          0.6448434,
          -0.34073666,
          0,
          -0.577218,
          0.76431483,
          0.28747573,
          0,
          -14.028993,
          14.781446,
          -10.185746,
          1
        ]
      },
      {
        "date" : 764762612.059642,
        "title" : "Untitled",
        "transform" : [
          -0.9858901,
          -1.0542797e-07,
          0.16739385,
          0,
          0.08507979,
          0.8612026,
          0.5010903,
          0,
          -0.14416018,
          0.50826186,
          -0.84905106,
          0,
          -2.047329,
          20.034348,
          -24.361147,
          1
        ]
      }
    ],
    "AAB0E9C4-770F-46B0-8DE3-90BA04648C77" : [
      {
        "date" : 769950213.918417,
        "title" : "Untitled",
        "transform" : [
          0.98137593,
          9.639569e-09,
          0.19209754,
          0,
          0.1218119,
          0.7732387,
          -0.6223051,
          0,
          -0.14853728,
          0.634115,
          0.75883794,
          0,
          -0.122766495,
          0.2882327,
          0.3156019,
          1
        ]
      },
      {
        "date" : 769950212.004978,
        "title" : "Untitled",
        "transform" : [
          0.98137593,
          9.639569e-09,
          0.19209754,
          0,
          0.1218119,
          0.7732387,
          -0.6223051,
          0,
          -0.14853728,
          0.634115,
          0.75883794,
          0,
          -0.066773295,
          0.31147307,
          0.30714157,
          1
        ]
      },
      {
        "date" : 769950114.805679,
        "title" : "Untitled",
        "transform" : [
          0.98137593,
          9.639569e-09,
          0.19209754,
          0,
          0.1218119,
          0.7732387,
          -0.6223051,
          0,
          -0.14853728,
          0.634115,
          0.75883794,
          0,
          -0.06542969,
          0.31054688,
          0.30566406,
          1
        ]
      },
      {
        "date" : 769938456.621801,
        "title" : "Untitled",
        "transform" : [
          0.98137593,
          9.639569e-09,
          0.19209754,
          0,
          0.1218119,
          0.7732387,
          -0.6223051,
          0,
          -0.14853728,
          0.634115,
          0.75883794,
          0,
          -2370.5596,
          20931.398,
          11048.505,
          1
        ]
      },
      {
        "date" : 769938454.47002,
        "title" : "Untitled",
        "transform" : [
          0.98137593,
          9.639569e-09,
          0.19209754,
          0,
          0.1218119,
          0.7732387,
          -0.6223051,
          0,
          -0.14853728,
          0.634115,
          0.75883794,
          0,
          -0.06677324,
          0.311473,
          0.30714145,
          1
        ]
      },
      {
        "date" : 769938263.363135,
        "title" : "Untitled",
        "transform" : [
          0.98137593,
          9.639569e-09,
          0.19209754,
          0,
          0.1218119,
          0.7732387,
          -0.6223051,
          0,
          -0.14853728,
          0.634115,
          0.75883794,
          0,
          -0.14880243,
          1.3418697,
          0.68521327,
          1
        ]
      },
      {
        "date" : 769938257.10284,
        "title" : "Untitled",
        "transform" : [
          0.98137593,
          9.639569e-09,
          0.19209754,
          0,
          0.1218119,
          0.7732387,
          -0.6223051,
          0,
          -0.14853728,
          0.634115,
          0.75883794,
          0,
          0.092547394,
          0.25374666,
          0.3865658,
          1
        ]
      },
      {
        "date" : 769938252.664916,
        "title" : "Untitled",
        "transform" : [
          0.98137593,
          9.639569e-09,
          0.19209754,
          0,
          0.1218119,
          0.7732387,
          -0.6223051,
          0,
          -0.14853728,
          0.634115,
          0.75883794,
          0,
          -0.06677301,
          0.31147286,
          0.30714154,
          1
        ]
      },
      {
        "date" : 769938250.627314,
        "title" : "Untitled",
        "transform" : [
          0.98137593,
          9.639569e-09,
          0.19209754,
          0,
          0.1218119,
          0.7732387,
          -0.6223051,
          0,
          -0.14853728,
          0.634115,
          0.75883794,
          0,
          0.15709709,
          0.7538006,
          3.446731,
          1
        ]
      },
      {
        "date" : 769938248.504026,
        "title" : "Untitled",
        "transform" : [
          0.98137593,
          9.639569e-09,
          0.19209754,
          0,
          0.1218119,
          0.7732387,
          -0.6223051,
          0,
          -0.14853728,
          0.634115,
          0.75883794,
          0,
          -0.027044654,
          0.2012679,
          0.40701064,
          1
        ]
      }
    ],
    "B40D299B-8783-45D0-9264-D7E768275298" : [
      {
        "date" : 767217666.496323,
        "title" : "Untitled",
        "transform" : [
          0.059102803,
          8.820979e-08,
          -0.9982519,
          0,
          -0.72696835,
          0.68532085,
          -0.04304103,
          0,
          0.6841228,
          0.7282413,
          0.04050441,
          0,
          0.32197428,
          6.843177,
          -2.2418017,
          1
        ]
      },
      {
        "date" : 767217658.345163,
        "title" : "Untitled",
        "transform" : [
          0.059102766,
          3.1826524e-08,
          -0.9982519,
          0,
          -0.7269683,
          0.6853208,
          -0.043041073,
          0,
          0.6841227,
          0.7282413,
          0.04050448,
          0,
          0.29216677,
          6.8198442,
          -2.3133569,
          1
        ]
      },
      {
        "date" : 767217652.870531,
        "title" : "Untitled",
        "transform" : [
          0.63942546,
          -2.0839414e-08,
          -0.768853,
          0,
          -0.30419376,
          0.9184029,
          -0.2529863,
          0,
          0.7061169,
          0.39564615,
          0.58725035,
          0,
          0.24782908,
          6.7849436,
          -2.1911845,
          1
        ]
      },
      {
        "date" : 767217648.989356,
        "title" : "Untitled",
        "transform" : [
          0.65825486,
          -2.1005555e-08,
          -0.7527951,
          0,
          -0.30399674,
          0.91483665,
          -0.26581916,
          0,
          0.6886846,
          0.403824,
          0.60219574,
          0,
          0.28725356,
          6.7668085,
          -2.2236729,
          1
        ]
      },
      {
        "date" : 767217647.370581,
        "title" : "Untitled",
        "transform" : [
          0.65825486,
          -2.7181832e-08,
          -0.7527951,
          0,
          -0.3039967,
          0.91483676,
          -0.26581916,
          0,
          0.6886846,
          0.403824,
          0.6021958,
          0,
          0.14684415,
          6.653554,
          -1.9393986,
          1
        ]
      },
      {
        "date" : 767217645.554671,
        "title" : "Untitled",
        "transform" : [
          0.75581706,
          -2.6575172e-08,
          -0.6547828,
          0,
          -0.23112035,
          0.9356337,
          -0.26678273,
          0,
          0.6126368,
          0.35297257,
          0.707168,
          0,
          0.27141523,
          6.7621255,
          -2.2014935,
          1
        ]
      },
      {
        "date" : 767217637.542884,
        "title" : "Untitled",
        "transform" : [
          0.75581723,
          -2.3462803e-08,
          -0.6547828,
          0,
          -0.2311203,
          0.9356337,
          -0.26678276,
          0,
          0.6126368,
          0.35297257,
          0.707168,
          0,
          1.9164528,
          7.776286,
          -0.7649408,
          1
        ]
      },
      {
        "date" : 767217630.853506,
        "title" : "Untitled",
        "transform" : [
          -0.5242051,
          -3.564999e-08,
          -0.8515921,
          0,
          -0.7056634,
          0.5597818,
          0.4343773,
          0,
          0.47670564,
          0.82864,
          -0.2934405,
          0,
          1.8812329,
          7.8552117,
          -0.9329152,
          1
        ]
      },
      {
        "date" : 767217627.073156,
        "title" : "Untitled",
        "transform" : [
          0.30601907,
          -3.5511743e-08,
          -0.9520254,
          0,
          -0.51578224,
          0.8405245,
          -0.16579309,
          0,
          0.8002006,
          0.54177356,
          0.25721642,
          0,
          1.928905,
          7.810913,
          -0.84760547,
          1
        ]
      },
      {
        "date" : 767217625.477481,
        "title" : "Untitled",
        "transform" : [
          0.30601907,
          -3.939702e-08,
          -0.9520253,
          0,
          -0.5157822,
          0.84052444,
          -0.16579306,
          0,
          0.8002006,
          0.54177356,
          0.25721648,
          0,
          8.822503,
          11.031765,
          2.4000654,
          1
        ]
      }
    ],
    "F5DD40D3-F5C1-4B32-8D81-ED09747AC285" : [
      {
        "date" : 769950095.493935,
        "title" : "Untitled",
        "transform" : [
          -0.8424821,
          -1.2397763e-08,
          0.5387243,
          0,
          0.103461534,
          0.98138535,
          0.16179806,
          0,
          -0.52869606,
          0.1920493,
          -0.82679963,
          0,
          -0.77390134,
          0.21060356,
          -0.8299882,
          1
        ]
      },
      {
        "date" : 769950091.553676,
        "title" : "Untitled",
        "transform" : [
          -0.99217594,
          -1.826202e-08,
          -0.12484736,
          0,
          -0.062031664,
          0.867831,
          0.4929721,
          0,
          0.108346485,
          0.49685958,
          -0.86104095,
          0,
          -0.5659909,
          0.4550199,
          -0.8767754,
          1
        ]
      },
      {
        "date" : 769950078.827176,
        "title" : "Untitled",
        "transform" : [
          -0.9838902,
          -2.7155831e-08,
          -0.17877418,
          0,
          0.13299428,
          0.66826487,
          -0.7319391,
          0,
          0.119468614,
          -0.7439235,
          -0.6574992,
          0,
          0.03855407,
          -0.32726258,
          -0.29285374,
          1
        ]
      },
      {
        "date" : 769950070.451714,
        "title" : "Untitled",
        "transform" : [
          -0.80565107,
          -2.706529e-08,
          0.5923904,
          0,
          0.23969285,
          0.91448504,
          0.3259824,
          0,
          -0.541732,
          0.40461978,
          -0.7367558,
          0,
          -0.23743623,
          0.16177577,
          -0.30262098,
          1
        ]
      },
      {
        "date" : 769950059.255202,
        "title" : "Untitled",
        "transform" : [
          -0.7836343,
          -3.180638e-08,
          0.62122244,
          0,
          0.3118235,
          0.8648958,
          0.39334643,
          0,
          -0.5372926,
          0.50195146,
          -0.677762,
          0,
          -0.23399204,
          0.201706,
          -0.27629355,
          1
        ]
      },
      {
        "date" : 769950051.878946,
        "title" : "Untitled",
        "transform" : [
          -0.05393503,
          -3.538729e-08,
          0.99854445,
          0,
          0.44005916,
          0.8976542,
          0.023769226,
          0,
          -0.8963475,
          0.44070056,
          -0.048414987,
          0,
          -0.381615,
          0.1766112,
          -0.018713713,
          1
        ]
      },
      {
        "date" : 769950050.042502,
        "title" : "Untitled",
        "transform" : [
          -0.053935103,
          6.1648997e-10,
          0.99854445,
          0,
          0.44005913,
          0.8976542,
          0.02376923,
          0,
          -0.8963476,
          0.4407006,
          -0.04841507,
          0,
          0.10256997,
          -0.06292564,
          -0.3022675,
          1
        ]
      },
      {
        "date" : 769950037.185029,
        "title" : "Untitled",
        "transform" : [
          0.42881098,
          -1.9257952e-08,
          -0.9033943,
          0,
          0.36274856,
          0.9158417,
          0.17218453,
          0,
          0.827366,
          -0.40153965,
          0.39272302,
          0,
          0.29267535,
          -0.19974376,
          0.12297264,
          1
        ]
      },
      {
        "date" : 769950032.027622,
        "title" : "Untitled",
        "transform" : [
          0.4358766,
          -1.784732e-08,
          -0.9000065,
          0,
          0.4860528,
          0.8416298,
          0.23539722,
          0,
          0.75747216,
          -0.54005486,
          0.36684683,
          0,
          0.2844579,
          -0.25058642,
          0.121835455,
          1
        ]
      },
      {
        "date" : 769950020.978165,
        "title" : "Untitled",
        "transform" : [
          0.38574988,
          -1.7987947e-08,
          -0.9226034,
          0,
          0.53325,
          0.81604815,
          0.2229572,
          0,
          0.75288874,
          -0.57798404,
          0.31479058,
          0,
          0.2498315,
          -0.23643,
          0.088350326,
          1
        ]
      }
    ]
  },
  "sceneViewportBackgroundColors" : {

  },
  "selectedSceneRelativePath" : "Models\/Water Bottles\/Water Bottle.usda"
}