{
  "advancedEditorSelectedIdentifier" : "ProjectBrowser",
  "openSceneRelativePaths" : [
    "Scenes\/Bee Scene.usda"
  ],
  "recentIdentifiers" : {
    "855117EB-0D8F-411E-B7E3-EEA6A7AF35CD" : [

    ],
    "AAB0E9C4-770F-46B0-8DE3-90BA04648C77" : [

    ]
  },
  "sceneCameraHistory" : {
    "855117EB-0D8F-411E-B7E3-EEA6A7AF35CD" : [
      {
        "date" : 751886089.502941,
        "title" : "Untitled",
        "transform" : [
          0.99997973,
          -1.362069e-10,
          0.0063660988,
          0,
          0.0025104946,
          0.9189588,
          -0.3943457,
          0,
          -0.0058501824,
          0.3943537,
          0.9189401,
          0,
          -0.010545487,
          1.3110778,
          2.0258346,
          1
        ]
      },
      {
        "date" : 751885734.832034,
        "title" : "Untitled",
        "transform" : [
          0.9999798,
          -2.3165658e-10,
          0.0063660988,
          0,
          0.002510494,
          0.91895884,
          -0.39434567,
          0,
          -0.005850182,
          0.39435354,
          0.9189401,
          0,
          -0.024744667,
          1.6680093,
          3.8868628,
          1
        ]
      }
    ],
    "AAB0E9C4-770F-46B0-8DE3-90BA04648C77" : [
      {
        "date" : 760036181.752992,
        "title" : "Untitled",
        "transform" : [
          0.87585247,
          -7.656494e-09,
          0.482579,
          0,
          0.108330116,
          0.9744783,
          -0.19661278,
          0,
          -0.47026277,
          0.22448161,
          0.8534992,
          0,
          -75.38465,
          74.33401,
          156.1723,
          1
        ]
      },
      {
        "date" : 760024940.910908,
        "title" : "Untitled",
        "transform" : [
          0.87585247,
          -7.656494e-09,
          0.482579,
          0,
          0.108330116,
          0.9744783,
          -0.19661278,
          0,
          -0.47026277,
          0.22448161,
          0.8534992,
          0,
          -83.71324,
          84.04188,
          174.05766,
          1
        ]
      },
      {
        "date" : 760024937.965229,
        "title" : "Untitled",
        "transform" : [
          0.87585247,
          -7.656494e-09,
          0.482579,
          0,
          0.108330116,
          0.9744783,
          -0.19661278,
          0,
          -0.47026277,
          0.22448161,
          0.8534992,
          0,
          -116.820786,
          117.27941,
          242.8953,
          1
        ]
      },
      {
        "date" : 760024932.784252,
        "title" : "Untitled",
        "transform" : [
          0.87585247,
          -7.692982e-09,
          0.482579,
          0,
          0.10833012,
          0.9744783,
          -0.19661279,
          0,
          -0.47026277,
          0.22448163,
          0.8534992,
          0,
          -11804.895,
          14314.293,
          18512.281,
          1
        ]
      },
      {
        "date" : 760024532.065264,
        "title" : "Untitled",
        "transform" : [
          0.998922,
          -2.2707427e-08,
          -0.046420366,
          0,
          -0.009990631,
          0.97656524,
          -0.21498926,
          0,
          0.045332547,
          0.21522127,
          0.97551244,
          0,
          1.2535865,
          99.725815,
          245.68582,
          1
        ]
      },
      {
        "date" : 760024527.891733,
        "title" : "Untitled",
        "transform" : [
          0.93791085,
          -2.2725178e-08,
          -0.3468764,
          0,
          -0.09828722,
          0.9590167,
          -0.26575652,
          0,
          0.3326603,
          0.28334942,
          0.8994721,
          0,
          72.98584,
          116.73828,
          226.61328,
          1
        ]
      },
      {
        "date" : 760024525.560514,
        "title" : "Untitled",
        "transform" : [
          0.93791085,
          -1.8999888e-08,
          -0.3468764,
          0,
          -0.098287225,
          0.9590167,
          -0.26575652,
          0,
          0.3326603,
          0.28334942,
          0.8994721,
          0,
          8067.046,
          15560.416,
          19026.65,
          1
        ]
      },
      {
        "date" : 760024523.660249,
        "title" : "Untitled",
        "transform" : [
          0.93791085,
          -1.5274598e-08,
          -0.3468764,
          0,
          -0.098287225,
          0.9590167,
          -0.26575652,
          0,
          0.3326603,
          0.28334942,
          0.8994721,
          0,
          2.404058,
          2.5833836,
          6.748999,
          1
        ]
      },
      {
        "date" : 760024518.529709,
        "title" : "Untitled",
        "transform" : [
          0.93791085,
          -1.5274598e-08,
          -0.3468764,
          0,
          -0.098287225,
          0.9590167,
          -0.26575652,
          0,
          0.3326603,
          0.28334942,
          0.8994721,
          0,
          0.3904367,
          0.8682481,
          1.3044252,
          1
        ]
      },
      {
        "date" : 760024438.3077,
        "title" : "Untitled",
        "transform" : [
          0.93791085,
          -1.5274598e-08,
          -0.3468764,
          0,
          -0.098287225,
          0.9590167,
          -0.26575652,
          0,
          0.3326603,
          0.28334942,
          0.8994721,
          0,
          0.3946184,
          0.8775473,
          1.3183961,
          1
        ]
      }
    ]
  },
  "sceneViewportBackgroundColors" : {

  },
  "selectedSceneRelativePath" : "Scenes\/Bee Scene.usda"
}