{
  "advancedEditorSelectedIdentifier" : "ProjectBrowser",
  "openSceneRelativePaths" : [
    "Scenes\/Bee Scene.usda"
  ],
  "recentIdentifiers" : {
    "046D9718-DC7A-4E0E-AB9B-CAC26538CA1D" : [

    ],
    "047809BE-9908-46D7-8233-65565A764F6A" : [

    ],
    "0AC8040E-B526-4AE0-ACAF-85FE1C58360E" : [

    ],
    "13B85F1A-E4EF-4CE2-8398-B063A33C78BB" : [

    ],
    "18E10823-679D-4620-8E3E-A00382323A06" : [

    ],
    "23AD7BFC-E225-4280-ADF3-834054631B22" : [

    ],
    "2FBEE1E8-3F0D-424A-A38F-1BB00670370D" : [

    ],
    "31189299-B7B6-428D-B268-C47B6BD3B4FC" : [

    ],
    "377C89A5-01EC-4978-9696-BEFC030DED81" : [

    ],
    "434575FC-30CB-4612-B251-B198793B53CC" : [

    ],
    "58FBE6B4-BEAD-4A36-9D0C-FBBFE3077599" : [

    ],
    "6ED7F55B-0B72-4AB0-B46B-1DB2BC19607D" : [

    ],
    "723C769A-5513-418D-AD95-41A92CE8B749" : [

    ],
    "771A3A30-AA78-4615-B686-B7BAE19E7A71" : [

    ],
    "7973F962-0557-41B5-8423-626C21711043" : [

    ],
    "79E38019-7CA8-48D4-B2A8-8498EF3FBDB4" : [

    ],
    "855117EB-0D8F-411E-B7E3-EEA6A7AF35CD" : [

    ],
    "8C91C853-8655-497B-AB59-4FAF0008C7B9" : [

    ],
    "8E682F76-5F26-4D6F-93B9-9E5B11AB879E" : [

    ],
    "96A9D80C-DA9E-49AA-9543-A709586A7613" : [

    ],
    "99C1246B-9150-477F-A2DC-39F589399865" : [

    ],
    "A0609F0B-75B3-4C0D-AF43-A9443C58C612" : [

    ],
    "A7828AD8-A23C-46DE-8CD2-9E29DBD03C67" : [

    ],
    "A7C6BFD2-3D12-43AB-96E8-AB645501B3BE" : [

    ],
    "AAB0E9C4-770F-46B0-8DE3-90BA04648C77" : [

    ],
    "B40D299B-8783-45D0-9264-D7E768275298" : [

    ],
    "C2866E72-8CD2-4B52-A8A0-8EEE3F479018" : [

    ],
    "CAF9FF9C-F850-482B-A48F-5BB69917B1B1" : [

    ],
    "E15FD315-94C8-40C5-8B95-4AC8AEB92825" : [

    ],
    "E5E9A5D5-4D90-40FD-BFD6-78D06A7A33D8" : [

    ],
    "F5DD40D3-F5C1-4B32-8D81-ED09747AC285" : [

    ]
  },
  "sceneCameraHistory" : {
    "046D9718-DC7A-4E0E-AB9B-CAC26538CA1D" : [
      {
        "date" : 764776140.901907,
        "title" : "Untitled",
        "transform" : [
          0.8017087,
          2.0806226e-08,
          -0.59771484,
          0,
          -0.4322953,
          0.6905897,
          -0.5798332,
          0,
          0.41277578,
          0.72324675,
          0.55365187,
          0,
          3.7573538,
          12.871379,
          5.0500813,
          1
        ]
      },
      {
        "date" : 764776088.588672,
        "title" : "Untitled",
        "transform" : [
          0.96143526,
          9.331936e-09,
          -0.2750311,
          0,
          -0.09259831,
          0.941618,
          -0.32369894,
          0,
          0.25897428,
          0.33668306,
          0.90530485,
          0,
          3.1290772,
          8.680968,
          10.96098,
          1
        ]
      },
      {
        "date" : 764776085.332113,
        "title" : "Untitled",
        "transform" : [
          0.96143526,
          2.8456348e-11,
          -0.27503112,
          0,
          -0.09259832,
          0.94161797,
          -0.32369897,
          0,
          0.25897428,
          0.33668306,
          0.90530485,
          0,
          3.208344,
          8.455956,
          4.6065764,
          1
        ]
      }
    ],
    "047809BE-9908-46D7-8233-65565A764F6A" : [
      {
        "date" : 772892872.163349,
        "title" : "Untitled",
        "transform" : [
          1,
          0,
          -0,
          0,
          -0,
          0.7071069,
          -0.7071067,
          0,
          0,
          0.7071067,
          0.7071069,
          0,
          9.313226e-10,
          0.09891922,
          0.09891927,
          1
        ]
      },
      {
        "date" : 772892857.89761,
        "title" : "Untitled",
        "transform" : [
          1,
          0,
          -0,
          0,
          -0,
          0.7071069,
          -0.7071067,
          0,
          0,
          0.7071067,
          0.7071069,
          0,
          0,
          0.09892082,
          0.09892273,
          1
        ]
      },
      {
        "date" : 772892853.238291,
        "title" : "Untitled",
        "transform" : [
          1,
          0,
          0,
          0,
          0,
          0.7071069,
          -0.7071067,
          0,
          0,
          0.7071067,
          0.7071069,
          0,
          -17.710655,
          30.770117,
          58.886932,
          1
        ]
      },
      {
        "date" : 772892849.709408,
        "title" : "Untitled",
        "transform" : [
          1,
          0,
          -0,
          0,
          -0,
          0.7071069,
          -0.7071067,
          0,
          0,
          0.7071067,
          0.7071069,
          0,
          -1.1920929e-07,
          0.09891915,
          0.09891915,
          1
        ]
      },
      {
        "date" : 772892848.709209,
        "title" : "Untitled",
        "transform" : [
          1,
          0,
          -0,
          0,
          -0,
          0.7071069,
          -0.7071067,
          0,
          0,
          0.7071067,
          0.7071069,
          0,
          -1.1920929e-07,
          0.09891915,
          0.09891915,
          1
        ]
      }
    ],
    "0AC8040E-B526-4AE0-ACAF-85FE1C58360E" : [
      {
        "date" : 772962782.3021,
        "title" : "Untitled",
        "transform" : [
          0.999082,
          -2.8465446e-09,
          0.042839505,
          0,
          0.03496015,
          0.5779489,
          -0.81532377,
          0,
          -0.024759041,
          0.8160729,
          0.5774184,
          0,
          -15.486564,
          23.657434,
          23.37451,
          1
        ]
      },
      {
        "date" : 772962775.019043,
        "title" : "Untitled",
        "transform" : [
          0.9889537,
          -2.8267397e-09,
          0.14822522,
          0,
          0.11256405,
          0.6506096,
          -0.7510236,
          0,
          -0.09643675,
          0.7594123,
          0.6434228,
          0,
          -18.331524,
          21.39638,
          25.848629,
          1
        ]
      },
      {
        "date" : 772962770.981835,
        "title" : "Untitled",
        "transform" : [
          0.9992059,
          -2.8267397e-09,
          0.039845623,
          0,
          0.030259259,
          0.6506097,
          -0.7588093,
          0,
          -0.025923945,
          0.7594124,
          0.650093,
          0,
          -15.495436,
          0.43175316,
          6.240532,
          1
        ]
      },
      {
        "date" : 772962689.038697,
        "title" : "Untitled",
        "transform" : [
          0.9992057,
          2.9916403e-10,
          0.03984562,
          0,
          0.030259259,
          0.6506096,
          -0.7588093,
          0,
          -0.025923945,
          0.7594124,
          0.6500929,
          0,
          -1.0418289,
          30.519186,
          26.125868,
          1
        ]
      },
      {
        "date" : 772962683.403222,
        "title" : "Untitled",
        "transform" : [
          0.9994632,
          4.8122684e-10,
          0.03275902,
          0,
          0.010287234,
          0.94941396,
          -0.313859,
          0,
          -0.03110187,
          0.31402752,
          0.9489044,
          0,
          -1.2499188,
          12.620105,
          38.13447,
          1
        ]
      },
      {
        "date" : 772962680.443528,
        "title" : "Untitled",
        "transform" : [
          1,
          0,
          0,
          0,
          0,
          0.7071069,
          -0.70710677,
          0,
          0,
          0.70710677,
          0.7071069,
          0,
          0,
          28.417133,
          28.417141,
          1
        ]
      }
    ],
    "18E10823-679D-4620-8E3E-A00382323A06" : [
      {
        "date" : 772983719.579113,
        "title" : "Untitled",
        "transform" : [
          0.99344826,
          1.3313972e-10,
          0.1142835,
          0,
          0.045008395,
          0.9191829,
          -0.39125073,
          0,
          -0.105047464,
          0.39383104,
          0.9131606,
          0,
          -0.04591967,
          0.22045255,
          0.5223007,
          1
        ]
      }
    ],
    "21515F5B-F63B-498C-8600-BA574BA886D1" : [
      {
        "date" : 772721920.990239,
        "title" : "Untitled",
        "transform" : [
          1,
          0,
          -0,
          0,
          -0,
          0.7071069,
          -0.7071067,
          0,
          0,
          0.7071067,
          0.7071069,
          0,
          -1.1920929e-07,
          0.09891915,
          0.09891915,
          1
        ]
      }
    ],
    "23AD7BFC-E225-4280-ADF3-834054631B22" : [
      {
        "date" : 772977993.709843,
        "title" : "Untitled",
        "transform" : [
          -0.65925795,
          -2.0163569e-09,
          0.7519169,
          0,
          0.6210322,
          0.5637701,
          0.54450184,
          0,
          -0.42390808,
          0.82593185,
          -0.37167,
          0,
          -30.549934,
          25.410921,
          7.470354,
          1
        ]
      },
      {
        "date" : 772977990.516003,
        "title" : "Untitled",
        "transform" : [
          -0.65925795,
          -2.0163569e-09,
          0.7519169,
          0,
          0.6210322,
          0.5637701,
          0.54450184,
          0,
          -0.42390808,
          0.82593185,
          -0.37167,
          0,
          -24.225643,
          13.08898,
          13.015114,
          1
        ]
      },
      {
        "date" : 772977965.101774,
        "title" : "Untitled",
        "transform" : [
          -0.65925795,
          -2.0163569e-09,
          0.7519169,
          0,
          0.62103224,
          0.5637702,
          0.5445019,
          0,
          -0.42390808,
          0.82593185,
          -0.37167,
          0,
          -28.294939,
          21.017496,
          9.447397,
          1
        ]
      },
      {
        "date" : 772977958.448473,
        "title" : "Untitled",
        "transform" : [
          -0.680887,
          -2.698514e-09,
          0.7323885,
          0,
          0.59826577,
          0.57682294,
          0.55619544,
          0,
          -0.42245826,
          0.8168694,
          -0.39275128,
          0,
          -28.258043,
          20.786877,
          8.910933,
          1
        ]
      },
      {
        "date" : 772977955.322656,
        "title" : "Untitled",
        "transform" : [
          -0.73798734,
          -2.6457911e-09,
          0.6748146,
          0,
          0.55246633,
          0.5742309,
          0.60418516,
          0,
          -0.38749918,
          0.8186935,
          -0.4237752,
          0,
          -27.368444,
          20.833294,
          8.121481,
          1
        ]
      },
      {
        "date" : 772977929.199508,
        "title" : "Untitled",
        "transform" : [
          -0.73798734,
          -2.6457911e-09,
          0.6748146,
          0,
          0.55246633,
          0.5742309,
          0.60418516,
          0,
          -0.38749918,
          0.8186935,
          -0.4237752,
          0,
          -21.919312,
          19.613554,
          0.7823887,
          1
        ]
      },
      {
        "date" : 772977925.524799,
        "title" : "Untitled",
        "transform" : [
          -0.73798734,
          -2.6457911e-09,
          0.6748146,
          0,
          0.55246633,
          0.5742309,
          0.60418516,
          0,
          -0.38749918,
          0.8186935,
          -0.4237752,
          0,
          -25.985298,
          21.631548,
          8.39889,
          1
        ]
      },
      {
        "date" : 772977923.878848,
        "title" : "Untitled",
        "transform" : [
          -0.73798734,
          -2.6457911e-09,
          0.6748146,
          0,
          0.55246633,
          0.5742309,
          0.60418516,
          0,
          -0.38749918,
          0.8186935,
          -0.4237752,
          0,
          -22.86344,
          15.035693,
          11.813037,
          1
        ]
      },
      {
        "date" : 772976919.75921,
        "title" : "Untitled",
        "transform" : [
          -0.83885914,
          1.8573658e-09,
          0.5443485,
          0,
          0.39303786,
          0.6918583,
          0.60568416,
          0,
          -0.37661177,
          0.7220335,
          -0.58037174,
          0,
          -22.6635,
          13.260495,
          8.937067,
          1
        ]
      },
      {
        "date" : 772976887.191273,
        "title" : "Untitled",
        "transform" : [
          -0.869237,
          5.0123248e-09,
          0.49439555,
          0,
          0.15441322,
          0.94997466,
          0.27148616,
          0,
          -0.46966296,
          0.3123273,
          -0.8257532,
          0,
          -21.309704,
          3.6992822,
          9.815594,
          1
        ]
      }
    ],
    "2FBEE1E8-3F0D-424A-A38F-1BB00670370D" : [
      {
        "date" : 773578135.988071,
        "title" : "Untitled",
        "transform" : [
          0.9699563,
          3.9519794e-08,
          0.24327938,
          0,
          0.09534534,
          0.9200004,
          -0.38014254,
          0,
          -0.22381717,
          0.39191717,
          0.8923601,
          0,
          0.0006535761,
          0.15438737,
          0.29496628,
          1
        ]
      },
      {
        "date" : 773578116.000682,
        "title" : "Untitled",
        "transform" : [
          0.9796521,
          4.5204523e-08,
          -0.20070337,
          0,
          -0.12526977,
          0.7813015,
          -0.6114535,
          0,
          0.15680979,
          0.6241537,
          0.7654036,
          0,
          0.07585597,
          0.19977903,
          0.23319173,
          1
        ]
      },
      {
        "date" : 773577974.329479,
        "title" : "Untitled",
        "transform" : [
          0.9796521,
          4.755871e-08,
          -0.20070334,
          0,
          -0.12526976,
          0.7813015,
          -0.6114535,
          0,
          0.15680976,
          0.6241537,
          0.7654036,
          0,
          -0.25427005,
          1.7937467,
          3.2812703,
          1
        ]
      },
      {
        "date" : 773528741.493781,
        "title" : "Untitled",
        "transform" : [
          0.9796521,
          4.755871e-08,
          -0.20070334,
          0,
          -0.12526976,
          0.7813015,
          -0.6114535,
          0,
          0.15680976,
          0.6241537,
          0.7654036,
          0,
          -0.014144085,
          0.09977936,
          0.18319207,
          1
        ]
      },
      {
        "date" : 773527043.022095,
        "title" : "Untitled",
        "transform" : [
          0.97965205,
          4.5169216e-08,
          -0.20070331,
          0,
          -0.12526976,
          0.78130156,
          -0.6114534,
          0,
          0.15680984,
          0.6241536,
          0.7654037,
          0,
          0.0091516785,
          0.19674121,
          0.29500782,
          1
        ]
      },
      {
        "date" : 773527035.593008,
        "title" : "Untitled",
        "transform" : [
          0.31900415,
          4.3061043e-08,
          -0.9477533,
          0,
          -0.46798906,
          0.86958236,
          -0.15752032,
          0,
          0.8241496,
          0.4937878,
          0.2774004,
          0,
          0.19322181,
          0.16991937,
          0.24749112,
          1
        ]
      },
      {
        "date" : 773526690.24622,
        "title" : "Untitled",
        "transform" : [
          0.31900412,
          4.0246583e-08,
          -0.9477533,
          0,
          -0.46798915,
          0.8695825,
          -0.15752035,
          0,
          0.8241495,
          0.49378812,
          0.2774004,
          0,
          0.56203127,
          0.78732556,
          0.9417415,
          1
        ]
      },
      {
        "date" : 773526686.763344,
        "title" : "Untitled",
        "transform" : [
          -0.28607148,
          4.0649493e-08,
          -0.95820826,
          0,
          -0.5022604,
          0.8516159,
          0.14994906,
          0,
          0.8160254,
          0.52416646,
          -0.24362296,
          0,
          0.8553482,
          0.8148051,
          0.4756315,
          1
        ]
      },
      {
        "date" : 773526672.5293,
        "title" : "Untitled",
        "transform" : [
          0.24320975,
          4.7529753e-08,
          -0.9699737,
          0,
          -0.7293186,
          0.65928257,
          -0.18286821,
          0,
          0.63948655,
          0.7518953,
          0.16034399,
          0,
          0.3254223,
          1.003897,
          0.8195815,
          1
        ]
      },
      {
        "date" : 773526668.295371,
        "title" : "Untitled",
        "transform" : [
          0.9695224,
          5.3369234e-08,
          -0.24500243,
          0,
          -0.047705274,
          0.98086023,
          -0.18877874,
          0,
          0.2403131,
          0.19471325,
          0.95096594,
          0,
          -0.09380297,
          0.65580827,
          1.1439716,
          1
        ]
      }
    ],
    "31189299-B7B6-428D-B268-C47B6BD3B4FC" : [
      {
        "date" : 772544967.738236,
        "title" : "Untitled",
        "transform" : [
          0.999764,
          5.4315552e-11,
          -0.021720769,
          0,
          -0.0043461565,
          0.97977716,
          -0.20004502,
          0,
          0.02128151,
          0.2000922,
          0.979546,
          0,
          0.027180554,
          1.5995623,
          1.4420345,
          1
        ]
      }
    ],
    "377C89A5-01EC-4978-9696-BEFC030DED81" : [
      {
        "date" : 772559831.028801,
        "title" : "Untitled",
        "transform" : [
          1,
          0,
          0,
          0,
          0,
          0.7071069,
          -0.70710677,
          0,
          0,
          0.70710677,
          0.7071069,
          0,
          0.14522886,
          2.1795454,
          1.8223543,
          1
        ]
      }
    ],
    "434575FC-30CB-4612-B251-B198793B53CC" : [
      {
        "date" : 772308931.967125,
        "title" : "Untitled",
        "transform" : [
          0.96456784,
          4.923348e-09,
          0.26383507,
          0,
          0.04143094,
          0.98759335,
          -0.15146947,
          0,
          -0.26056176,
          0.1570335,
          0.9526007,
          0,
          -0.19047469,
          0.34956732,
          0.63324726,
          1
        ]
      },
      {
        "date" : 772308106.847388,
        "title" : "Untitled",
        "transform" : [
          0.9645677,
          3.4782763e-09,
          0.263835,
          0,
          0.04143096,
          0.98759323,
          -0.15146945,
          0,
          -0.26056182,
          0.15703335,
          0.9526007,
          0,
          0.27485093,
          0.41557804,
          0.7946859,
          1
        ]
      },
      {
        "date" : 772308096.516662,
        "title" : "Untitled",
        "transform" : [
          0.9740391,
          4.8766315e-09,
          -0.22637977,
          0,
          -0.046125647,
          0.97902226,
          -0.19846387,
          0,
          0.22163069,
          0.20375337,
          0.95360595,
          0,
          0.4696445,
          0.31450912,
          -0.07653716,
          1
        ]
      },
      {
        "date" : 772308090.786777,
        "title" : "Untitled",
        "transform" : [
          0.99963045,
          4.8766315e-09,
          -0.027184103,
          0,
          -0.0055388357,
          0.97902226,
          -0.20367819,
          0,
          0.026613727,
          0.20375337,
          0.9786604,
          0,
          0.18726847,
          0.4572741,
          0.64785963,
          1
        ]
      },
      {
        "date" : 772308083.375515,
        "title" : "Untitled",
        "transform" : [
          0.97854584,
          1.5193444e-09,
          0.20602922,
          0,
          0.08080266,
          0.9198841,
          -0.38377607,
          0,
          -0.18952315,
          0.3921902,
          0.90014887,
          0,
          0.052610375,
          0.5766355,
          0.57324946,
          1
        ]
      },
      {
        "date" : 772307914.615375,
        "title" : "Untitled",
        "transform" : [
          0.79841906,
          1.4524932e-09,
          -0.60210216,
          0,
          -0.22000831,
          0.9308504,
          -0.29174262,
          0,
          0.560467,
          0.36540034,
          0.7432089,
          0,
          0.3882931,
          0.4306793,
          0.45916596,
          1
        ]
      },
      {
        "date" : 772307836.380148,
        "title" : "Untitled",
        "transform" : [
          0.9998905,
          0,
          -0.0147996675,
          0,
          0.00023737877,
          0.99987143,
          0.01603771,
          0,
          0.014797764,
          -0.016039483,
          0.9997619,
          0,
          0.040403053,
          0.1858975,
          0.63045883,
          1
        ]
      },
      {
        "date" : 772307832.062764,
        "title" : "Untitled",
        "transform" : [
          0.9998905,
          0,
          -0.0147996675,
          0,
          0.00023737877,
          0.99987143,
          0.01603771,
          0,
          0.014797764,
          -0.016039483,
          0.9997619,
          0,
          0.08148466,
          0.27075663,
          0.63121223,
          1
        ]
      },
      {
        "date" : 772307828.362226,
        "title" : "Untitled",
        "transform" : [
          0.9998905,
          0,
          -0.0147996675,
          0,
          0.00023737877,
          0.99987143,
          0.01603771,
          0,
          0.014797764,
          -0.016039483,
          0.9997619,
          0,
          0.12257181,
          0.37614673,
          0.63229483,
          1
        ]
      },
      {
        "date" : 772307812.689266,
        "title" : "Untitled",
        "transform" : [
          0.9998905,
          0,
          -0.0147996675,
          0,
          0.00023737877,
          0.99987143,
          0.01603771,
          0,
          0.014797764,
          -0.016039483,
          0.9997619,
          0,
          0.06779407,
          0.25433296,
          0.63115126,
          1
        ]
      }
    ],
    "58FBE6B4-BEAD-4A36-9D0C-FBBFE3077599" : [
      {
        "date" : 772482041.318757,
        "title" : "Untitled",
        "transform" : [
          0.99966455,
          7.148816e-10,
          0.02589602,
          0,
          0.02580349,
          0.0844607,
          -0.9960926,
          0,
          -0.0021871976,
          0.99642676,
          0.08443239,
          0,
          -0.000895726,
          0.40806845,
          0.034577787,
          1
        ]
      },
      {
        "date" : 772478616.292592,
        "title" : "Untitled",
        "transform" : [
          1,
          0,
          -0,
          0,
          -0,
          0.7071069,
          -0.7071067,
          0,
          0,
          0.7071067,
          0.7071069,
          0,
          1.3969839e-09,
          0.28958264,
          0.28958276,
          1
        ]
      },
      {
        "date" : 772477793.510688,
        "title" : "Untitled",
        "transform" : [
          1,
          0,
          -0,
          0,
          -0,
          0.7071069,
          -0.7071067,
          0,
          0,
          0.7071067,
          0.7071069,
          0,
          1.3969839e-09,
          0.28958264,
          0.28958273,
          1
        ]
      },
      {
        "date" : 772477769.693447,
        "title" : "Untitled",
        "transform" : [
          1,
          0,
          -0,
          0,
          -0,
          0.7071069,
          -0.7071067,
          0,
          0,
          0.7071067,
          0.7071069,
          0,
          1.3969839e-09,
          0.2895826,
          0.28958273,
          1
        ]
      },
      {
        "date" : 772476392.988691,
        "title" : "Untitled",
        "transform" : [
          1,
          0,
          -0,
          0,
          -0,
          0.7071069,
          -0.7071067,
          0,
          0,
          0.7071067,
          0.7071069,
          0,
          1.1920929e-07,
          0.14479113,
          0.14479113,
          1
        ]
      }
    ],
    "59C383E0-AE18-4397-A4E0-891E98BC35DA" : [
      {
        "date" : 764776112.56265,
        "title" : "Untitled",
        "transform" : [
          0.90753525,
          -9.823662e-09,
          -0.419976,
          0,
          -0.12810265,
          0.9523448,
          -0.27681983,
          0,
          0.39996192,
          0.30502376,
          0.8642864,
          0,
          7.2448735,
          12.269353,
          9.793964,
          1
        ]
      }
    ],
    "6ED7F55B-0B72-4AB0-B46B-1DB2BC19607D" : [
      {
        "date" : 772307164.674524,
        "title" : "Untitled",
        "transform" : [
          0.9999493,
          -4.3681798e-11,
          -0.010075241,
          0,
          -0.00096108817,
          0.9954399,
          -0.095386244,
          0,
          0.010029297,
          0.09539109,
          0.99538934,
          0,
          -0.0639348,
          1.2943321,
          2.607254,
          1
        ]
      },
      {
        "date" : 772307134.986934,
        "title" : "Untitled",
        "transform" : [
          0.9999493,
          -4.3681798e-11,
          -0.010075241,
          0,
          -0.00096108817,
          0.9954399,
          -0.095386244,
          0,
          0.010029297,
          0.09539109,
          0.99538934,
          0,
          0.20675883,
          1.3529271,
          2.5989108,
          1
        ]
      },
      {
        "date" : 772307127.153001,
        "title" : "Untitled",
        "transform" : [
          0.9999493,
          -4.3681798e-11,
          -0.010075241,
          0,
          -0.00096108817,
          0.9954399,
          -0.095386244,
          0,
          0.010029297,
          0.09539109,
          0.99538934,
          0,
          0.0610542,
          -0.14120042,
          2.7435656,
          1
        ]
      },
      {
        "date" : 772306567.090442,
        "title" : "Untitled",
        "transform" : [
          0.9999493,
          -4.3681798e-11,
          -0.010075241,
          0,
          -0.00096108817,
          0.9954399,
          -0.095386244,
          0,
          0.010029297,
          0.09539109,
          0.99538934,
          0,
          -0.0035844147,
          -0.2525314,
          2.7548862,
          1
        ]
      },
      {
        "date" : 772305539.734596,
        "title" : "Untitled",
        "transform" : [
          0.9999493,
          -4.3681798e-11,
          -0.010075241,
          0,
          -0.00096108817,
          0.9954399,
          -0.095386244,
          0,
          0.010029297,
          0.09539109,
          0.99538934,
          0,
          0.027035326,
          0.27423298,
          2.704096,
          1
        ]
      },
      {
        "date" : 772304440.168929,
        "title" : "Untitled",
        "transform" : [
          0.9999493,
          -4.3681798e-11,
          -0.010075241,
          0,
          -0.00096108817,
          0.9954399,
          -0.095386244,
          0,
          0.010029297,
          0.09539109,
          0.99538934,
          0,
          0.031911194,
          0.3082205,
          3.119191,
          1
        ]
      },
      {
        "date" : 772304437.881294,
        "title" : "Untitled",
        "transform" : [
          0.9999493,
          -4.3681798e-11,
          -0.010075241,
          0,
          -0.00096108817,
          0.9954399,
          -0.095386244,
          0,
          0.010029297,
          0.09539109,
          0.99538934,
          0,
          0.031911194,
          0.3082205,
          3.119191,
          1
        ]
      },
      {
        "date" : 772304029.081848,
        "title" : "Untitled",
        "transform" : [
          0.99994916,
          -7.344514e-11,
          -0.01007524,
          0,
          -0.000961088,
          0.9954399,
          -0.095386244,
          0,
          0.010029295,
          0.09539109,
          0.99538934,
          0,
          -0.58701134,
          0.10710591,
          2.7238975,
          1
        ]
      },
      {
        "date" : 772304026.847065,
        "title" : "Untitled",
        "transform" : [
          1,
          0,
          0,
          0,
          0,
          0.7071069,
          -0.7071067,
          0,
          0,
          0.7071067,
          0.7071069,
          0,
          -0.61442554,
          1.8123338,
          2.0282009,
          1
        ]
      },
      {
        "date" : 772303908.212156,
        "title" : "Untitled",
        "transform" : [
          1,
          0,
          0,
          0,
          0,
          0.7071069,
          -0.7071067,
          0,
          0,
          0.7071067,
          0.7071069,
          0,
          -0.5236465,
          1.9067309,
          1.9338038,
          1
        ]
      }
    ],
    "723C769A-5513-418D-AD95-41A92CE8B749" : [
      {
        "date" : 764762772.468212,
        "title" : "Untitled",
        "transform" : [
          -0.19245802,
          -6.4305823e-09,
          0.98130524,
          0,
          0.08007005,
          0.9966655,
          0.015703745,
          0,
          -0.97803307,
          0.08159551,
          -0.19181624,
          0,
          -17.031765,
          15.082483,
          0.16142249,
          1
        ]
      },
      {
        "date" : 764762753.547465,
        "title" : "Untitled",
        "transform" : [
          -0.19245805,
          -6.430583e-09,
          0.98130536,
          0,
          0.08007005,
          0.9966655,
          0.015703745,
          0,
          -0.97803307,
          0.08159551,
          -0.19181624,
          0,
          -17.427498,
          18.451284,
          3.6122448,
          1
        ]
      },
      {
        "date" : 764762737.191416,
        "title" : "Untitled",
        "transform" : [
          -0.4596246,
          8.253783e-09,
          0.88811326,
          0,
          0.46044555,
          0.8551057,
          0.23829405,
          0,
          -0.75943077,
          0.51845366,
          -0.39302757,
          0,
          -12.657429,
          15.9385395,
          -7.5252113,
          1
        ]
      },
      {
        "date" : 764762732.886255,
        "title" : "Untitled",
        "transform" : [
          -0.4596246,
          8.253783e-09,
          0.88811326,
          0,
          0.46044555,
          0.8551057,
          0.23829405,
          0,
          -0.75943077,
          0.51845366,
          -0.39302757,
          0,
          -36.747242,
          42.00986,
          -15.838509,
          1
        ]
      },
      {
        "date" : 764762729.834656,
        "title" : "Untitled",
        "transform" : [
          -0.4596246,
          8.253783e-09,
          0.88811326,
          0,
          0.46044555,
          0.8551057,
          0.23829405,
          0,
          -0.75943077,
          0.51845366,
          -0.39302757,
          0,
          -42.05802,
          34.574047,
          -15.385493,
          1
        ]
      },
      {
        "date" : 764762726.878278,
        "title" : "Untitled",
        "transform" : [
          0.34632117,
          9.2001e-09,
          0.93811595,
          0,
          0.2890045,
          0.9513639,
          -0.10669083,
          0,
          -0.89248973,
          0.3080691,
          0.32947752,
          0,
          -34.703957,
          25.055107,
          18.134333,
          1
        ]
      },
      {
        "date" : 764762725.074477,
        "title" : "Untitled",
        "transform" : [
          0.34632117,
          9.2001e-09,
          0.93811595,
          0,
          0.2890045,
          0.9513639,
          -0.10669083,
          0,
          -0.89248973,
          0.3080691,
          0.32947752,
          0,
          -34.86346,
          25.110165,
          18.193213,
          1
        ]
      },
      {
        "date" : 764762716.09136,
        "title" : "Untitled",
        "transform" : [
          0.06559824,
          -5.0805653e-09,
          0.9978461,
          0,
          0.7642242,
          0.642991,
          -0.050239954,
          0,
          -0.641606,
          0.7658738,
          0.0421791,
          0,
          -27.737896,
          44.98404,
          -5.644731,
          1
        ]
      },
      {
        "date" : 764762292.623026,
        "title" : "Untitled",
        "transform" : [
          0.13664342,
          -6.0998295e-09,
          0.9906203,
          0,
          0.35258856,
          0.93451375,
          -0.04863507,
          0,
          -0.9257483,
          0.35592708,
          0.12769517,
          0,
          -41.798553,
          26.478273,
          -1.6588731,
          1
        ]
      },
      {
        "date" : 764762182.40533,
        "title" : "Untitled",
        "transform" : [
          0.13664342,
          -6.0998295e-09,
          0.9906203,
          0,
          0.3525886,
          0.93451387,
          -0.048635077,
          0,
          -0.9257483,
          0.35592708,
          0.12769517,
          0,
          -44.71681,
          24.397572,
          0.61476403,
          1
        ]
      }
    ],
    "771A3A30-AA78-4615-B686-B7BAE19E7A71" : [
      {
        "date" : 764760529.096404,
        "title" : "Untitled",
        "transform" : [
          0.09596122,
          -5.233485e-10,
          0.99538505,
          0,
          0.42487445,
          0.90432507,
          -0.0409605,
          0,
          -0.90015167,
          0.42684427,
          0.08678014,
          0,
          -30.412027,
          18.23375,
          3.292187,
          1
        ]
      },
      {
        "date" : 764760522.286117,
        "title" : "Untitled",
        "transform" : [
          0.09596122,
          -5.233485e-10,
          0.99538505,
          0,
          0.42487445,
          0.90432507,
          -0.0409605,
          0,
          -0.90015167,
          0.42684427,
          0.08678014,
          0,
          -30.396435,
          18.226355,
          3.2906842,
          1
        ]
      },
      {
        "date" : 764760515.234412,
        "title" : "Untitled",
        "transform" : [
          0.9997174,
          0,
          0.023770953,
          0,
          0.0168086,
          0.7071068,
          -0.7069069,
          0,
          -0.016808603,
          0.7071067,
          0.70690703,
          0,
          -0.17925167,
          27.478083,
          22.625092,
          1
        ]
      },
      {
        "date" : 764760510.910391,
        "title" : "Untitled",
        "transform" : [
          0.9997174,
          0,
          0.023770953,
          0,
          0.0168086,
          0.7071068,
          -0.7069069,
          0,
          -0.016808603,
          0.7071067,
          0.70690703,
          0,
          -12.394315,
          27.389013,
          22.423733,
          1
        ]
      },
      {
        "date" : 764760489.2563,
        "title" : "Untitled",
        "transform" : [
          0.9997174,
          0,
          0.023770953,
          0,
          0.0168086,
          0.7071068,
          -0.7069069,
          0,
          -0.016808603,
          0.7071067,
          0.70690703,
          0,
          -10.392163,
          25.292702,
          24.568249,
          1
        ]
      }
    ],
    "7973F962-0557-41B5-8423-626C21711043" : [
      {
        "date" : 772972821.484384,
        "title" : "Untitled",
        "transform" : [
          0.9925325,
          -6.8052765e-11,
          -0.12198037,
          0,
          -0.03549666,
          0.95672214,
          -0.28882998,
          0,
          0.11670133,
          0.29100305,
          0.94957787,
          0,
          0.22665223,
          0.46489525,
          1.8715097,
          1
        ]
      },
      {
        "date" : 772972816.005291,
        "title" : "Untitled",
        "transform" : [
          0.99978274,
          -6.805276e-11,
          0.020841025,
          0,
          0.0060648024,
          0.95672214,
          -0.29093984,
          0,
          -0.01993907,
          0.29100302,
          0.9565143,
          0,
          -0.012177775,
          0.13284625,
          0.5385636,
          1
        ]
      },
      {
        "date" : 772971025.206883,
        "title" : "Untitled",
        "transform" : [
          0.99978274,
          -6.805276e-11,
          0.020841025,
          0,
          0.0060648024,
          0.95672214,
          -0.29093984,
          0,
          -0.01993907,
          0.29100302,
          0.9565143,
          0,
          -0.003749378,
          0.04090163,
          0.16581672,
          1
        ]
      },
      {
        "date" : 772968888.519625,
        "title" : "Untitled",
        "transform" : [
          0.9997828,
          -6.405315e-11,
          0.020841027,
          0,
          0.0060648024,
          0.95672214,
          -0.2909398,
          0,
          -0.019939074,
          0.29100302,
          0.95651436,
          0,
          -0.05537693,
          0.415672,
          0.76511663,
          1
        ]
      },
      {
        "date" : 772968816.247477,
        "title" : "Untitled",
        "transform" : [
          1,
          0,
          0,
          0,
          0,
          0.7071069,
          -0.7071067,
          0,
          0,
          0.7071067,
          0.7071069,
          0,
          8.751712e-08,
          0.37373486,
          0.37373522,
          1
        ]
      },
      {
        "date" : 772967447.347297,
        "title" : "Untitled",
        "transform" : [
          1,
          0,
          -0,
          0,
          -0,
          0.7071069,
          -0.7071067,
          0,
          0,
          0.7071067,
          0.7071069,
          0,
          2.9802322e-08,
          0.12726843,
          0.12726855,
          1
        ]
      },
      {
        "date" : 772966837.35685,
        "title" : "Untitled",
        "transform" : [
          1,
          0,
          0,
          0,
          0,
          0.7071069,
          -0.70710677,
          0,
          0,
          0.70710677,
          0.7071069,
          0,
          0.018447906,
          1.8287902,
          1.8287904,
          1
        ]
      }
    ],
    "79E38019-7CA8-48D4-B2A8-8498EF3FBDB4" : [
      {
        "date" : 772922538.265756,
        "title" : "Untitled",
        "transform" : [
          0.99267554,
          2.0811797e-08,
          -0.12081114,
          0,
          -0.039681662,
          0.9445179,
          -0.3260542,
          0,
          0.114108264,
          0.32846004,
          0.9375997,
          0,
          -14.604393,
          1.9056923,
          9.963395,
          1
        ]
      },
      {
        "date" : 772922466.567084,
        "title" : "Untitled",
        "transform" : [
          0.9595208,
          2.0094856e-08,
          -0.28163797,
          0,
          -0.1352263,
          0.8771907,
          -0.46070638,
          0,
          0.24705017,
          0.4801422,
          0.8416826,
          0,
          -14.301813,
          2.3029702,
          9.819874,
          1
