{
  "advancedEditorSelectedIdentifier" : "ProjectBrowser",
  "openSceneRelativePaths" : [
    "Models\/Flowers\/Flowers.usda",
    "Scenes\/Bee Scene.usda"
  ],
  "recentIdentifiers" : {
    "046D9718-DC7A-4E0E-AB9B-CAC26538CA1D" : [

    ],
    "723C769A-5513-418D-AD95-41A92CE8B749" : [

    ],
    "771A3A30-AA78-4615-B686-B7BAE19E7A71" : [

    ],
    "855117EB-0D8F-411E-B7E3-EEA6A7AF35CD" : [

    ],
    "A7828AD8-A23C-46DE-8CD2-9E29DBD03C67" : [

    ],
    "AAB0E9C4-770F-46B0-8DE3-90BA04648C77" : [

    ]
  },
  "sceneCameraHistory" : {
    "046D9718-DC7A-4E0E-AB9B-CAC26538CA1D" : [
      {
        "date" : 764776140.901907,
        "title" : "Untitled",
        "transform" : [
          0.8017087,
          2.0806226e-08,
          -0.59771484,
          0,
          -0.4322953,
          0.6905897,
          -0.5798332,
          0,
          0.41277578,
          0.72324675,
          0.55365187,
          0,
          3.7573538,
          12.871379,
          5.0500813,
          1
        ]
      },
      {
        "date" : 764776088.588672,
        "title" : "Untitled",
        "transform" : [
          0.96143526,
          9.331936e-09,
          -0.2750311,
          0,
          -0.09259831,
          0.941618,
          -0.32369894,
          0,
          0.25897428,
          0.33668306,
          0.90530485,
          0,
          3.1290772,
          8.680968,
          10.96098,
          1
        ]
      },
      {
        "date" : 764776085.332113,
        "title" : "Untitled",
        "transform" : [
          0.96143526,
          2.8456348e-11,
          -0.27503112,
          0,
          -0.09259832,
          0.94161797,
          -0.32369897,
          0,
          0.25897428,
          0.33668306,
          0.90530485,
          0,
          3.208344,
          8.455956,
          4.6065764,
          1
        ]
      }
    ],
    "59C383E0-AE18-4397-A4E0-891E98BC35DA" : [
      {
        "date" : 764776112.56265,
        "title" : "Untitled",
        "transform" : [
          0.90753525,
          -9.823662e-09,
          -0.419976,
          0,
          -0.12810265,
          0.9523448,
          -0.27681983,
          0,
          0.39996192,
          0.30502376,
          0.8642864,
          0,
          7.2448735,
          12.269353,
          9.793964,
          1
        ]
      }
    ],
    "723C769A-5513-418D-AD95-41A92CE8B749" : [
      {
        "date" : 764762772.468212,
        "title" : "Untitled",
        "transform" : [
          -0.19245802,
          -6.4305823e-09,
          0.98130524,
          0,
          0.08007005,
          0.9966655,
          0.015703745,
          0,
          -0.97803307,
          0.08159551,
          -0.19181624,
          0,
          -17.031765,
          15.082483,
          0.16142249,
          1
        ]
      },
      {
        "date" : 764762753.547465,
        "title" : "Untitled",
        "transform" : [
          -0.19245805,
          -6.430583e-09,
          0.98130536,
          0,
          0.08007005,
          0.9966655,
          0.015703745,
          0,
          -0.97803307,
          0.08159551,
          -0.19181624,
          0,
          -17.427498,
          18.451284,
          3.6122448,
          1
        ]
      },
      {
        "date" : 764762737.191416,
        "title" : "Untitled",
        "transform" : [
          -0.4596246,
          8.253783e-09,
          0.88811326,
          0,
          0.46044555,
          0.8551057,
          0.23829405,
          0,
          -0.75943077,
          0.51845366,
          -0.39302757,
          0,
          -12.657429,
          15.9385395,
          -7.5252113,
          1
        ]
      },
      {
        "date" : 764762732.886255,
        "title" : "Untitled",
        "transform" : [
          -0.4596246,
          8.253783e-09,
          0.88811326,
          0,
          0.46044555,
          0.8551057,
          0.23829405,
          0,
          -0.75943077,
          0.51845366,
          -0.39302757,
          0,
          -36.747242,
          42.00986,
          -15.838509,
          1
        ]
      },
      {
        "date" : 764762729.834656,
        "title" : "Untitled",
        "transform" : [
          -0.4596246,
          8.253783e-09,
          0.88811326,
          0,
          0.46044555,
          0.8551057,
          0.23829405,
          0,
          -0.75943077,
          0.51845366,
          -0.39302757,
          0,
          -42.05802,
          34.574047,
          -15.385493,
          1
        ]
      },
      {
        "date" : 764762726.878278,
        "title" : "Untitled",
        "transform" : [
          0.34632117,
          9.2001e-09,
          0.93811595,
          0,
          0.2890045,
          0.9513639,
          -0.10669083,
          0,
          -0.89248973,
          0.3080691,
          0.32947752,
          0,
          -34.703957,
          25.055107,
          18.134333,
          1
        ]
      },
      {
        "date" : 764762725.074477,
        "title" : "Untitled",
        "transform" : [
          0.34632117,
          9.2001e-09,
          0.93811595,
          0,
          0.2890045,
          0.9513639,
          -0.10669083,
          0,
          -0.89248973,
          0.3080691,
          0.32947752,
          0,
          -34.86346,
          25.110165,
          18.193213,
          1
        ]
      },
      {
        "date" : 764762716.09136,
        "title" : "Untitled",
        "transform" : [
          0.06559824,
          -5.0805653e-09,
          0.9978461,
          0,
          0.7642242,
          0.642991,
          -0.050239954,
          0,
          -0.641606,
          0.7658738,
          0.0421791,
          0,
          -27.737896,
          44.98404,
          -5.644731,
          1
        ]
      },
      {
        "date" : 764762292.623026,
        "title" : "Untitled",
        "transform" : [
          0.13664342,
          -6.0998295e-09,
          0.9906203,
          0,
          0.35258856,
          0.93451375,
          -0.04863507,
          0,
          -0.9257483,
          0.35592708,
          0.12769517,
          0,
          -41.798553,
          26.478273,
          -1.6588731,
          1
        ]
      },
      {
        "date" : 764762182.40533,
        "title" : "Untitled",
        "transform" : [
          0.13664342,
          -6.0998295e-09,
          0.9906203,
          0,
          0.3525886,
          0.93451387,
          -0.048635077,
          0,
          -0.9257483,
          0.35592708,
          0.12769517,
          0,
          -44.71681,
          24.397572,
          0.61476403,
          1
        ]
      }
    ],
    "771A3A30-AA78-4615-B686-B7BAE19E7A71" : [
      {
        "date" : 764760529.096404,
        "title" : "Untitled",
        "transform" : [
          0.09596122,
          -5.233485e-10,
          0.99538505,
          0,
          0.42487445,
          0.90432507,
          -0.0409605,
          0,
          -0.90015167,
          0.42684427,
          0.08678014,
          0,
          -30.412027,
          18.23375,
          3.292187,
          1
        ]
      },
      {
        "date" : 764760522.286117,
        "title" : "Untitled",
        "transform" : [
          0.09596122,
          -5.233485e-10,
          0.99538505,
          0,
          0.42487445,
          0.90432507,
          -0.0409605,
          0,
          -0.90015167,
          0.42684427,
          0.08678014,
          0,
          -30.396435,
          18.226355,
          3.2906842,
          1
        ]
      },
      {
        "date" : 764760515.234412,
        "title" : "Untitled",
        "transform" : [
          0.9997174,
          0,
          0.023770953,
          0,
          0.0168086,
          0.7071068,
          -0.7069069,
          0,
          -0.016808603,
          0.7071067,
          0.70690703,
          0,
          -0.17925167,
          27.478083,
          22.625092,
          1
        ]
      },
      {
        "date" : 764760510.910391,
        "title" : "Untitled",
        "transform" : [
          0.9997174,
          0,
          0.023770953,
          0,
          0.0168086,
          0.7071068,
          -0.7069069,
          0,
          -0.016808603,
          0.7071067,
          0.70690703,
          0,
          -12.394315,
          27.389013,
          22.423733,
          1
        ]
      },
      {
        "date" : 764760489.2563,
        "title" : "Untitled",
        "transform" : [
          0.9997174,
          0,
          0.023770953,
          0,
          0.0168086,
          0.7071068,
          -0.7069069,
          0,
          -0.016808603,
          0.7071067,
          0.70690703,
          0,
          -10.392163,
          25.292702,
          24.568249,
          1
        ]
      }
    ],
    "855117EB-0D8F-411E-B7E3-EEA6A7AF35CD" : [
      {
        "date" : 751886089.502941,
        "title" : "Untitled",
        "transform" : [
          0.99997973,
          -1.362069e-10,
          0.0063660988,
          0,
          0.0025104946,
          0.9189588,
          -0.3943457,
          0,
          -0.0058501824,
          0.3943537,
          0.9189401,
          0,
          -0.010545487,
          1.3110778,
          2.0258346,
          1
        ]
      },
      {
        "date" : 751885734.832034,
        "title" : "Untitled",
        "transform" : [
          0.9999798,
          -2.3165658e-10,
          0.0063660988,
          0,
          0.002510494,
          0.91895884,
          -0.39434567,
          0,
          -0.005850182,
          0.39435354,
          0.9189401,
          0,
          -0.024744667,
          1.6680093,
          3.8868628,
          1
        ]
      }
    ],
    "A7828AD8-A23C-46DE-8CD2-9E29DBD03C67" : [
      {
        "date" : 764762764.20961,
        "title" : "Untitled",
        "transform" : [
          0.3667688,
          -1.2050978e-07,
          0.93031216,
          0,
          0.71717834,
          0.6369553,
          -0.28274226,
          0,
          -0.5925672,
          0.7709007,
          0.23361541,
          0,
          -42.559647,
          34.816936,
          -6.251334,
          1
        ]
      },
      {
        "date" : 764762762.324164,
        "title" : "Untitled",
        "transform" : [
          0.3667688,
          -1.2050978e-07,
          0.93031216,
          0,
          0.71717834,
          0.6369553,
          -0.28274226,
          0,
          -0.5925672,
          0.7709007,
          0.23361541,
          0,
          -33.350098,
          41.122475,
          -3.6987123,
          1
        ]
      },
      {
        "date" : 764762759.504616,
        "title" : "Untitled",
        "transform" : [
          0.3667688,
          -1.2050978e-07,
          0.93031216,
          0,
          0.71717834,
          0.6369553,
          -0.28274226,
          0,
          -0.5925672,
          0.7709007,
          0.23361541,
          0,
          -9.75555,
          10.427403,
          -13.000511,
          1
        ]
      },
      {
        "date" : 764762693.751748,
        "title" : "Untitled",
        "transform" : [
          0.3667688,
          -1.2050978e-07,
          0.93031216,
          0,
          0.71717834,
          0.6369553,
          -0.28274226,
          0,
          -0.5925672,
          0.7709007,
          0.23361541,
          0,
          -6.5716496,
          12.515758,
          -11.815825,
          1
        ]
      },
      {
        "date" : 764762665.617779,
        "title" : "Untitled",
        "transform" : [
          0.3667688,
          -1.2050978e-07,
          0.93031216,
          0,
          0.71717834,
          0.6369553,
          -0.28274226,
          0,
          -0.5925672,
          0.7709007,
          0.23361541,
          0,
          -6.5716496,
          12.5157585,
          -11.815826,
          1
        ]
      },
      {
        "date" : 764762657.824653,
        "title" : "Untitled",
        "transform" : [
          0.36676875,
          -1.05541694e-07,
          0.93031216,
          0,
          0.71717834,
          0.6369552,
          -0.28274223,
          0,
          -0.592567,
          0.7709009,
          0.2336154,
          0,
          -12.197541,
          15.057478,
          -6.74905,
          1
        ]
      },
      {
        "date" : 764762640.911703,
        "title" : "Untitled",
        "transform" : [
          0.36676875,
          -1.05541694e-07,
          0.93031216,
          0,
          0.71717834,
          0.6369552,
          -0.28274223,
          0,
          -0.592567,
          0.7709009,
          0.2336154,
          0,
          -14.370135,
          13.323935,
          -6.5393634,
          1
        ]
      },
      {
        "date" : 764762629.735153,
        "title" : "Untitled",
        "transform" : [
          0.36676875,
          -1.05541694e-07,
          0.93031216,
          0,
          0.71717834,
          0.6369552,
          -0.28274223,
          0,
          -0.592567,
          0.7709009,
          0.2336154,
          0,
          -14.21712,
          14.926632,
          -11.4399395,
          1
        ]
      },
      {
        "date" : 764762625.726226,
        "title" : "Untitled",
        "transform" : [
          0.44580686,
          -1.0575389e-07,
          0.8951292,
          0,
          0.6841605,
          0.6448434,
          -0.34073666,
          0,
          -0.577218,
          0.76431483,
          0.28747573,
          0,
          -14.028993,
          14.781446,
          -10.185746,
          1
        ]
      },
      {
        "date" : 764762612.059642,
        "title" : "Untitled",
        "transform" : [
          -0.9858901,
          -1.0542797e-07,
          0.16739385,
          0,
          0.08507979,
          0.8612026,
          0.5010903,
          0,
          -0.14416018,
          0.50826186,
          -0.84905106,
          0,
          -2.047329,
          20.034348,
          -24.361147,
          1
        ]
      }
    ],
    "AAB0E9C4-770F-46B0-8DE3-90BA04648C77" : [
      {
        "date" : 767216712.014654,
        "title" : "Untitled",
        "transform" : [
          0.98137593,
          9.639569e-09,
          0.19209754,
          0,
          0.1218119,
          0.7732387,
          -0.6223051,
          0,
          -0.14853728,
          0.634115,
          0.75883794,
          0,
          -18.439137,
          133.68654,
          111.33619,
          1
        ]
      },
      {
        "date" : 767216694.924787,
        "title" : "Untitled",
        "transform" : [
          0.9813758,
          4.726624e-09,
          0.19209753,
          0,
          0.12181193,
          0.7732387,
          -0.6223051,
          0,
          -0.1485373,
          0.634115,
          0.75883794,
          0,
          -0.16351989,
          1.3368635,
          1.1133604,
          1
        ]
      },
      {
        "date" : 767207888.820961,
        "title" : "Untitled",
        "transform" : [
          0.9813759,
          1.6017658e-08,
          0.19209759,
          0,
          0.121811956,
          0.7732388,
          -0.62230515,
          0,
          -0.14853731,
          0.634115,
          0.7588378,
          0,
          -0.34963736,
          12.049255,
          3.138807,
          1
        ]
      },
      {
        "date" : 767206695.198529,
        "title" : "Untitled",
        "transform" : [
          0.8584878,
          9.468994e-09,
          -0.51283413,
          0,
          -0.28912017,
          0.8259324,
          -0.48398876,
          0,
          0.42356643,
          0.56376916,
          0.7090527,
          0,
          3.8205912,
          11.916339,
          2.9630601,
          1
        ]
      },
      {
        "date" : 767206688.017426,
        "title" : "Untitled",
        "transform" : [
          0.23956501,
          4.0548067e-09,
          -0.9708804,
          0,
          -0.39117497,
          0.9152407,
          -0.09652237,
          0,
          0.8885892,
          0.40290755,
          0.21925953,
          0,
          5.6261263,
          11.092112,
          0.026303232,
          1
        ]
      },
      {
        "date" : 767206685.788848,
        "title" : "Untitled",
        "transform" : [
          0.09483456,
          4.0548067e-09,
          -0.9954931,
          0,
          -0.40109158,
          0.9152407,
          -0.038209394,
          0,
          0.91111577,
          0.40290755,
          0.08679634,
          0,
          5.60888,
          11.092112,
          -0.67391634,
          1
        ]
      },
      {
        "date" : 767206678.036909,
        "title" : "Untitled",
        "transform" : [
          0.7670036,
          2.3101716e-09,
          -0.6416428,
          0,
          -0.5257752,
          0.57319325,
          -0.62849814,
          0,
          0.36778542,
          0.8194203,
          0.43964124,
          0,
          3.003035,
          13.334159,
          2.1818984,
          1
        ]
      },
      {
        "date" : 767206675.677935,
        "title" : "Untitled",
        "transform" : [
          0.7670036,
          2.3101716e-09,
          -0.6416428,
          0,
          -0.5257752,
          0.57319325,
          -0.62849814,
          0,
          0.36778542,
          0.8194203,
          0.43964124,
          0,
          2.339167,
          14.096943,
          1.3155556,
          1
        ]
      },
      {
        "date" : 767206672.841419,
        "title" : "Untitled",
        "transform" : [
          0.95123994,
          2.645847e-09,
          0.30845174,
          0,
          0.2504651,
          0.5836471,
          -0.772414,
          0,
          -0.18002692,
          0.8120074,
          0.5551884,
          0,
          0.073853016,
          14.063621,
          2.8522472,
          1
        ]
      },
      {
        "date" : 767206666.479541,
        "title" : "Untitled",
        "transform" : [
          0.33111495,
          4.2184176e-09,
          0.9435904,
          0,
          0.6171418,
          0.7564638,
          -0.21656097,
          0,
          -0.7137919,
          0.6540356,
          0.25047645,
          0,
          -2.742505,
          11.514807,
          0.10457015,
          1
        ]
      }
    ],
    "B40D299B-8783-45D0-9264-D7E768275298" : [
      {
        "date" : 767217666.496323,
        "title" : "Untitled",
        "transform" : [
          0.059102803,
          8.820979e-08,
          -0.9982519,
          0,
          -0.72696835,
          0.68532085,
          -0.04304103,
          0,
          0.6841228,
          0.7282413,
          0.04050441,
          0,
          0.32197428,
          6.843177,
          -2.2418017,
          1
        ]
      },
      {
        "date" : 767217658.345163,
        "title" : "Untitled",
        "transform" : [
          0.059102766,
          3.1826524e-08,
          -0.9982519,
          0,
          -0.7269683,
          0.6853208,
          -0.043041073,
          0,
          0.6841227,
          0.7282413,
          0.04050448,
          0,
          0.29216677,
          6.8198442,
          -2.3133569,
          1
        ]
      },
      {
        "date" : 767217652.870531,
        "title" : "Untitled",
        "transform" : [
          0.63942546,
          -2.0839414e-08,
          -0.768853,
          0,
          -0.30419376,
          0.9184029,
          -0.2529863,
          0,
          0.7061169,
          0.39564615,
          0.58725035,
          0,
          0.24782908,
          6.7849436,
          -2.1911845,
          1
        ]
      },
      {
        "date" : 767217648.989356,
        "title" : "Untitled",
        "transform" : [
          0.65825486,
          -2.1005555e-08,
          -0.7527951,
          0,
          -0.30399674,
          0.91483665,
          -0.26581916,
          0,
          0.6886846,
          0.403824,
          0.60219574,
          0,
          0.28725356,
          6.7668085,
          -2.2236729,
          1
        ]
      },
      {
        "date" : 767217647.370581,
        "title" : "Untitled",
        "transform" : [
          0.65825486,
          -2.7181832e-08,
          -0.7527951,
          0,
          -0.3039967,
          0.91483676,
          -0.26581916,
          0,
          0.6886846,
          0.403824,
          0.6021958,
          0,
          0.14684415,
          6.653554,
          -1.9393986,
          1
        ]
      },
      {
        "date" : 767217645.554671,
        "title" : "Untitled",
        "transform" : [
          0.75581706,
          -2.6575172e-08,
          -0.6547828,
          0,
          -0.23112035,
          0.9356337,
          -0.26678273,
          0,
          0.6126368,
          0.35297257,
          0.707168,
          0,
          0.27141523,
          6.7621255,
          -2.2014935,
          1
        ]
      },
      {
        "date" : 767217637.542884,
        "title" : "Untitled",
        "transform" : [
          0.75581723,
          -2.3462803e-08,
          -0.6547828,
          0,
          -0.2311203,
          0.9356337,
          -0.26678276,
          0,
          0.6126368,
          0.35297257,
          0.707168,
          0,
          1.9164528,
          7.776286,
          -0.7649408,
          1
        ]
      },
      {
        "date" : 767217630.853506,
        "title" : "Untitled",
        "transform" : [
          -0.5242051,
          -3.564999e-08,
          -0.8515921,
          0,
          -0.7056634,
          0.5597818,
          0.4343773,
          0,
          0.47670564,
          0.82864,
          -0.2934405,
          0,
          1.8812329,
          7.8552117,
          -0.9329152,
          1
        ]
      },
      {
        "date" : 767217627.073156,
        "title" : "Untitled",
        "transform" : [
          0.30601907,
          -3.5511743e-08,
          -0.9520254,
          0,
          -0.51578224,
          0.8405245,
          -0.16579309,
          0,
          0.8002006,
          0.54177356,
          0.25721642,
          0,
          1.928905,
          7.810913,
          -0.84760547,
          1
        ]
      },
      {
        "date" : 767217625.477481,
        "title" : "Untitled",
        "transform" : [
          0.30601907,
          -3.939702e-08,
          -0.9520253,
          0,
          -0.5157822,
          0.84052444,
          -0.16579306,
          0,
          0.8002006,
          0.54177356,
          0.25721648,
          0,
          8.822503,
          11.031765,
          2.4000654,
          1
        ]
      }
    ]
  },
  "sceneViewportBackgroundColors" : {

  },
  "selectedSceneRelativePath" : "Models\/Flowers\/Flowers.usda"
}